--- Обработка источника: 1.txt ---
Исходная матрица:
   -3.0000     1.0000     0.0000     0.0000
    0.0000     2.0000     5.0000     0.0000
   -3.0000    -4.0000    -5.0000    -2.0000
    3.0000    -2.0000     1.0000    -1.0000


Время выполнения инвертирования: 0.000012 сек.
Обратная матрица:
    4.6667    -2.3333    -1.6667     3.3333
   15.0000    -7.0000    -5.0000    10.0000
   -6.0000     3.0000     2.0000    -4.0000
  -22.0000    10.0000     7.0000   -15.0000

Проверка (A * A⁻¹):
    1.0000     0.0000    -0.0000     0.0000
   -0.0000     1.0000     0.0000    -0.0000
    0.0000     0.0000     1.0000     0.0000
    0.0000     0.0000     0.0000     1.0000

