--- Обработка источника: 3.txt ---
Исходная матрица:
   -5.0000    -5.0000     0.0000     0.0000     0.0000     0.0000     0.0000     0.0000     0.0000     0.0000     0.0000     0.0000     0.0000     0.0000     0.0000     0.0000     0.0000     0.0000
   -5.0000     3.0000     0.0000     0.0000     0.0000     0.0000     0.0000     0.0000     0.0000     0.0000     0.0000     0.0000     0.0000     0.0000     0.0000     0.0000     0.0000     0.0000
    3.0000    -5.0000     3.0000    -1.0000     0.0000     0.0000     0.0000     0.0000     0.0000     0.0000     0.0000     0.0000     0.0000     0.0000     0.0000     0.0000     0.0000     0.0000
    2.0000     1.0000     5.0000     3.0000    -4.0000     0.0000     0.0000     0.0000     0.0000     0.0000     0.0000     0.0000     0.0000     0.0000     0.0000     0.0000     0.0000     0.0000
   -3.0000    -4.0000     2.0000    -5.0000     1.0000    -1.0000     0.0000     0.0000     0.0000     0.0000     0.0000     0.0000     0.0000     0.0000     0.0000     0.0000     0.0000     0.0000
   -2.0000     4.0000     1.0000    -5.0000     0.0000     4.0000    -5.0000     0.0000     0.0000     0.0000     0.0000     0.0000     0.0000     0.0000     0.0000     0.0000     0.0000     0.0000
   -2.0000     2.0000    -3.0000    -4.0000    -4.0000    -2.0000    -6.0000     4.0000     0.0000     0.0000     0.0000     0.0000     0.0000     0.0000     0.0000     0.0000     0.0000     0.0000
   -1.0000    -4.0000     0.0000    -5.0000     1.0000    -2.0000     5.0000    -1.0000    -1.0000     0.0000     0.0000     0.0000     0.0000     0.0000     0.0000     0.0000     0.0000     0.0000
   -4.0000     5.0000     4.0000    -2.0000    -4.0000    -3.0000    -4.0000    -3.0000    -3.0000     2.0000     0.0000     0.0000     0.0000     0.0000     0.0000     0.0000     0.0000     0.0000
    4.0000    -4.0000     1.0000     3.0000    -2.0000    -4.0000     5.0000     5.0000     5.0000    -2.0000     5.0000     0.0000     0.0000     0.0000     0.0000     0.0000     0.0000     0.0000
   -3.0000    -1.0000     2.0000     5.0000    -1.0000     5.0000    -2.0000     4.0000     0.0000     5.0000     2.0000     4.0000     0.0000     0.0000     0.0000     0.0000     0.0000     0.0000
    0.0000    -5.0000    -5.0000     1.0000    -5.0000     2.0000     3.0000     0.0000     5.0000    -3.0000    -2.0000     5.0000     4.0000     0.0000     0.0000     0.0000     0.0000     0.0000
    1.0000    -5.0000     1.0000    -4.0000    -3.0000    -2.0000     0.0000    -5.0000     0.0000    -1.0000     5.0000     5.0000    -3.0000    -1.0000     0.0000     0.0000     0.0000     0.0000
    0.0000    -1.0000    -1.0000     1.0000    -2.0000    -1.0000    -4.0000     3.0000     4.0000     4.0000    -5.0000     1.0000     2.0000    -1.0000     3.0000     0.0000     0.0000     0.0000
    3.0000     4.0000     0.0000     1.0000    -3.0000     2.0000     1.0000     3.0000    -3.0000     1.0000    -2.0000     0.0000     4.0000    -2.0000    -2.0000     4.0000     0.0000     0.0000
    0.0000    -4.0000    -3.0000     1.0000    -2.0000    -5.0000     3.0000    -3.0000     0.0000    -2.0000     3.0000    -4.0000    -2.0000     4.0000     1.0000     2.0000    -4.0000     0.0000
   -3.0000    -3.0000    -4.0000     5.0000    -1.0000     4.0000     2.0000     2.0000    -4.0000    -5.0000     3.0000     5.0000    -4.0000    -5.0000     0.0000    -3.0000    -5.0000    -5.0000
    0.0000    -4.0000     2.0000    -3.0000    -3.0000    -4.0000     1.0000     5.0000     3.0000     1.0000     2.0000    -4.0000     1.0000     4.0000    -1.0000    -4.0000     0.0000     6.0000


Время выполнения инвертирования: 0.000343 сек.
Обратная матрица:
   -0.0750    -0.1250    -0.0000    -0.0000    -0.0000    -0.0000    -0.0000    -0.0000    -0.0000    -0.0000    -0.0000    -0.0000    -0.0000    -0.0000    -0.0000    -0.0000    -0.0000    -0.0000
   -0.1250     0.1250     0.0000     0.0000     0.0000     0.0000     0.0000     0.0000     0.0000     0.0000     0.0000     0.0000     0.0000     0.0000     0.0000     0.0000     0.0000     0.0000
   -0.1261     0.4402     0.4514    -0.0340    -0.0851    -0.0198     0.0034    -0.0125     0.0054     0.0001    -0.0015     0.0006     0.0007    -0.0001    -0.0001     0.0001    -0.0000    -0.0000
    0.0217     0.3207     0.3541    -0.1019    -0.2554    -0.0593     0.0102    -0.0376     0.0161     0.0002    -0.0045     0.0019     0.0020    -0.0003    -0.0003     0.0002    -0.0001    -0.0001
   -0.2101     0.7596     0.8298    -0.3689    -0.2980    -0.0692     0.0119    -0.0439     0.0187     0.0002    -0.0053     0.0022     0.0023    -0.0004    -0.0004     0.0002    -0.0002    -0.0001
    0.1542    -0.0886    -0.0381     0.0727    -0.1912     0.1878    -0.0323     0.1191    -0.0508    -0.0006     0.0143    -0.0061    -0.0062     0.0010     0.0010    -0.0006     0.0005     0.0004
    0.0064    -0.1535    -0.2944     0.1533     0.0854     0.0056    -0.0354     0.1303    -0.0557    -0.0007     0.0157    -0.0067    -0.0068     0.0011     0.0011    -0.0006     0.0005     0.0004
   -0.1713     1.0109     1.0619    -0.2300    -0.5847    -0.0411     0.2055     0.1642    -0.0701    -0.0009     0.0198    -0.0084    -0.0085     0.0014     0.0014    -0.0008     0.0006     0.0005
    0.1513    -2.8205    -3.3984     0.9917     2.3732    -0.0793    -0.3568    -0.6065    -0.1680    -0.0021     0.0473    -0.0202    -0.0204     0.0033     0.0034    -0.0019     0.0015     0.0013
    0.2303    -2.7573    -3.0397     0.7864     1.8856    -0.0459    -0.3190    -0.3244    -0.0020    -0.0064     0.1414    -0.0602    -0.0611     0.0100     0.0102    -0.0058     0.0046     0.0038
    0.1172     1.0127     1.4137    -0.6218    -1.2215     0.2585     0.0312     0.2849     0.2491     0.2006    -0.0138     0.0059     0.0060    -0.0010    -0.0010     0.0006    -0.0005    -0.0004
   -0.4688     1.4697     1.4704    -0.4042    -0.5925    -0.1961     0.1889     0.0575    -0.0343    -0.0912     0.0554     0.0828     0.0840    -0.0137    -0.0140     0.0079    -0.0063    -0.0053
   -0.0356     1.8622     2.5899    -1.0849    -1.8060     0.2447     0.0455     0.3670     0.4693     0.2134    -0.0556     0.1406    -0.1110     0.0181     0.0185    -0.0105     0.0084     0.0070
   -0.3663     0.8335     1.0028    -0.1766    -0.4012    -0.1209     0.2469     0.1458     0.0056    -0.0827     0.1382     0.1225    -0.1150    -0.1447    -0.1475     0.0835    -0.0668    -0.0557
   -0.2554     7.0142     8.1764    -2.3726    -5.9537     0.5380     0.6843     1.5292     0.3303     0.2061    -0.2067     0.0350     0.1248     0.2584    -0.0764     0.0432    -0.0346    -0.0288
   -0.0927     0.9247     0.7478    -0.1068    -0.3205    -0.0564     0.1251     0.0004    -0.2004    -0.0502    -0.0142    -0.0468     0.1312     0.0362     0.1170     0.0753    -0.0602    -0.0502
    0.2535     1.2694     1.6011    -0.3551    -1.5228     0.1108     0.3055     0.5109     0.0405     0.0827    -0.0476    -0.0030    -0.0038    -0.0644    -0.1105    -0.1167    -0.1066    -0.0889
   -0.2109     3.0323     3.0562    -0.8666    -2.0289     0.0231     0.1954     0.2817    -0.1326    -0.1045    -0.1464    -0.0511     0.2839     0.1475     0.1471     0.0111    -0.0088     0.1593

Проверка (A * A⁻¹):
    1.0000     0.0000     0.0000     0.0000     0.0000     0.0000     0.0000     0.0000     0.0000     0.0000     0.0000     0.0000     0.0000     0.0000     0.0000     0.0000     0.0000     0.0000
    0.0000     1.0000     0.0000     0.0000     0.0000     0.0000     0.0000     0.0000     0.0000     0.0000     0.0000     0.0000     0.0000     0.0000     0.0000     0.0000     0.0000     0.0000
   -0.0000     0.0000     1.0000    -0.0000     0.0000    -0.0000     0.0000    -0.0000     0.0000     0.0000    -0.0000     0.0000     0.0000     0.0000     0.0000     0.0000    -0.0000     0.0000
    0.0000     0.0000     0.0000     1.0000     0.0000     0.0000     0.0000     0.0000     0.0000    -0.0000     0.0000     0.0000     0.0000     0.0000     0.0000    -0.0000     0.0000     0.0000
    0.0000    -0.0000    -0.0000     0.0000     1.0000     0.0000     0.0000    -0.0000    -0.0000     0.0000     0.0000     0.0000    -0.0000     0.0000     0.0000    -0.0000    -0.0000     0.0000
   -0.0000     0.0000     0.0000    -0.0000    -0.0000     1.0000    -0.0000    -0.0000     0.0000     0.0000     0.0000     0.0000     0.0000     0.0000    -0.0000    -0.0000    -0.0000    -0.0000
    0.0000     0.0000     0.0000     0.0000     0.0000     0.0000     1.0000     0.0000     0.0000     0.0000     0.0000     0.0000     0.0000     0.0000    -0.0000     0.0000     0.0000     0.0000
    0.0000    -0.0000    -0.0000     0.0000     0.0000     0.0000     0.0000     1.0000    -0.0000    -0.0000     0.0000    -0.0000    -0.0000    -0.0000     0.0000     0.0000     0.0000     0.0000
    0.0000     0.0000    -0.0000    -0.0000     0.0000    -0.0000     0.0000     0.0000     1.0000     0.0000     0.0000     0.0000     0.0000    -0.0000    -0.0000     0.0000    -0.0000    -0.0000
    0.0000    -0.0000     0.0000     0.0000    -0.0000    -0.0000    -0.0000    -0.0000     0.0000     1.0000     0.0000    -0.0000    -0.0000     0.0000     0.0000    -0.0000     0.0000    -0.0000
    0.0000     0.0000     0.0000    -0.0000    -0.0000     0.0000     0.0000     0.0000     0.0000     0.0000     1.0000     0.0000     0.0000    -0.0000    -0.0000     0.0000    -0.0000    -0.0000
    0.0000     0.0000     0.0000     0.0000     0.0000     0.0000    -0.0000     0.0000     0.0000     0.0000     0.0000     1.0000     0.0000     0.0000     0.0000    -0.0000     0.0000     0.0000
   -0.0000    -0.0000     0.0000    -0.0000    -0.0000     0.0000     0.0000     0.0000     0.0000     0.0000    -0.0000     0.0000     1.0000    -0.0000     0.0000     0.0000    -0.0000    -0.0000
    0.0000     0.0000    -0.0000     0.0000     0.0000    -0.0000     0.0000    -0.0000     0.0000     0.0000     0.0000     0.0000    -0.0000     1.0000     0.0000     0.0000     0.0000    -0.0000
   -0.0000     0.0000     0.0000    -0.0000    -0.0000     0.0000     0.0000     0.0000     0.0000     0.0000    -0.0000     0.0000     0.0000     0.0000     1.0000    -0.0000     0.0000     0.0000
    0.0000     0.0000     0.0000    -0.0000    -0.0000     0.0000     0.0000     0.0000     0.0000     0.0000    -0.0000     0.0000    -0.0000     0.0000     0.0000     1.0000    -0.0000     0.0000
    0.0000     0.0000    -0.0000    -0.0000    -0.0000     0.0000    -0.0000     0.0000    -0.0000    -0.0000     0.0000    -0.0000    -0.0000     0.0000     0.0000    -0.0000     1.0000     0.0000
    0.0000    -0.0000    -0.0000     0.0000     0.0000     0.0000    -0.0000    -0.0000     0.0000    -0.0000     0.0000     0.0000     0.0000     0.0000     0.0000    -0.0000    -0.0000     1.0000

