1	0
2	1
2	0
3	0
3	2
3	1
4	2
4	1
4	0
4	3
5	1
5	4
5	2
5	0
5	3
6	0
6	2
6	1
6	3
6	5
6	4
7	2
7	0
7	3
7	1
7	5
7	4
8	1
8	5
8	2
8	4
8	3
8	0
9	2
9	5
9	1
9	3
9	0
9	4
10	1
10	0
10	5
10	8
10	3
10	4
11	3
11	4
11	0
11	2
11	1
11	5
12	9
12	1
12	4
12	5
12	0
12	6
13	9
13	8
13	3
13	0
13	1
13	4
14	0
14	8
14	4
14	3
14	2
14	1
15	0
15	8
15	3
15	1
15	5
15	2
16	2
16	0
16	13
16	4
16	5
16	9
17	2
17	4
17	3
17	5
17	13
17	0
18	13
18	0
18	5
18	7
18	2
18	9
19	0
19	4
19	7
19	3
19	5
19	1
20	1
20	2
20	13
20	4
20	3
20	0
21	14
21	3
21	18
21	11
21	5
21	4
22	3
22	11
22	13
22	0
22	4
22	18
23	1
23	9
23	5
23	19
23	2
23	3
24	1
24	0
24	14
24	11
24	5
24	4
25	4
25	5
25	2
25	19
25	3
25	9
26	1
26	0
26	3
26	8
26	10
26	7
27	0
27	16
27	9
27	13
27	4
27	1
28	0
28	1
28	4
28	2
28	8
28	3
29	5
29	0
29	2
29	19
29	4
29	10
30	5
30	1
30	4
30	0
30	10
30	26
31	13
31	0
31	2
31	5
31	14
31	3
32	14
32	10
32	0
32	9
32	15
32	1
33	5
33	0
33	14
33	13
33	3
33	10
34	14
34	16
34	1
34	0
34	5
34	8
35	23
35	3
35	1
35	4
35	7
35	0
36	3
36	0
36	7
36	13
36	5
36	2
37	1
37	2
37	4
37	0
37	10
37	5
38	2
38	0
38	10
38	1
38	23
38	3
39	2
39	13
39	5
39	1
39	3
39	17
40	3
40	9
40	0
40	11
40	13
40	8
41	3
41	0
41	4
41	10
41	1
41	2
42	4
42	10
42	19
42	0
42	1
42	13
43	7
43	9
43	42
43	26
43	14
43	11
44	3
44	7
44	1
44	11
44	10
44	4
45	3
45	0
45	14
45	5
45	9
45	13
46	3
46	14
46	24
46	1
46	11
46	44
47	1
47	10
47	14
47	26
47	0
47	44
48	0
48	1
48	5
48	4
48	11
48	35
49	1
49	13
49	0
49	4
49	2
49	5
50	10
50	4
50	0
50	48
50	23
50	26
51	2
51	3
51	1
51	0
51	5
51	4
52	1
52	19
52	4
52	9
52	2
52	8
53	2
53	5
53	8
53	3
53	13
53	28
54	1
54	0
54	47
54	37
54	45
54	3
55	5
55	4
55	32
55	0
55	3
55	7
56	0
56	2
56	4
56	25
56	13
56	17
57	13
57	11
57	19
57	10
57	2
57	1
58	13
58	1
58	34
58	7
58	3
58	39
59	1
59	5
59	0
59	47
59	7
59	15
60	2
60	15
60	11
60	9
60	44
60	4
61	4
61	11
61	19
61	3
61	10
61	1
62	5
62	14
62	0
62	13
62	47
62	4
63	4
63	13
63	5
63	0
63	7
63	10
64	43
64	0
64	4
64	9
64	5
64	13
65	2
65	1
65	28
65	4
65	13
65	15
66	6
66	17
66	4
66	9
66	19
66	11
67	10
67	4
67	7
67	13
67	3
67	17
68	5
68	3
68	19
68	4
68	23
68	15
69	4
69	13
69	0
69	25
69	8
69	9
70	10
70	11
70	8
70	4
70	1
70	3
71	3
71	4
71	70
71	10
71	49
71	37
72	4
72	2
72	33
72	5
72	11
72	0
73	28
73	3
73	5
73	1
73	4
73	20
74	21
74	5
74	14
74	4
74	7
74	1
75	3
75	13
75	15
75	0
75	19
75	5
76	0
76	11
76	2
76	10
76	4
76	3
77	5
77	10
77	2
77	58
77	3
77	4
78	2
78	0
78	4
78	15
78	13
78	1
79	1
79	3
79	15
79	5
79	45
79	10
80	10
80	15
80	14
80	3
80	2
80	4
81	5
81	1
81	4
81	10
81	2
81	3
82	61
82	0
82	1
82	5
82	9
82	3
83	3
83	17
83	1
83	10
83	4
83	34
84	1
84	47
84	39
84	11
84	0
84	10
85	15
85	2
85	60
85	37
85	1
85	3
86	0
86	24
86	46
86	80
86	10
86	11
87	11
87	8
87	61
87	10
87	3
87	5
88	0
88	13
88	4
88	29
88	15
88	5
89	0
89	1
89	3
89	5
89	51
89	7
90	44
90	13
90	31
90	4
90	0
90	19
91	2
91	1
91	19
91	13
91	3
91	67
92	3
92	13
92	1
92	23
92	6
92	0
93	8
93	30
93	0
93	3
93	16
93	10
94	3
94	10
94	5
94	35
94	15
94	13
95	15
95	4
95	14
95	13
95	0
95	78
96	14
96	2
96	3
96	5
96	35
96	9
97	3
97	0
97	2
97	1
97	4
97	11
98	2
98	15
98	54
98	3
98	9
98	5
99	0
99	1
99	44
99	5
99	23
99	13
100	37
100	0
100	7
100	4
100	16
100	1
101	3
101	24
101	5
101	80
101	0
101	4
102	1
102	0
102	9
102	72
102	11
102	5
103	9
103	16
103	10
103	23
103	8
103	2
104	9
104	5
104	1
104	10
104	25
104	11
105	15
105	4
105	3
105	8
105	13
105	10
106	1
106	25
106	60
106	3
106	42
106	61
107	0
107	3
107	2
107	5
107	60
107	4
108	5
108	8
108	15
108	1
108	4
108	98
109	16
109	1
109	25
109	3
109	19
109	0
110	43
110	1
110	5
110	13
110	7
110	2
111	3
111	0
111	2
111	1
111	5
111	4
112	10
112	3
112	0
112	17
112	5
112	26
113	4
113	47
113	60
113	3
113	15
113	1
114	5
114	10
114	69
114	1
114	14
114	2
115	94
115	14
115	1
115	57
115	0
115	5
116	72
116	0
116	61
116	10
116	9
116	5
117	9
117	16
117	13
117	114
117	1
117	27
118	4
118	23
118	52
118	112
118	3
118	5
119	78
119	80
119	4
119	77
119	20
119	7
120	5
120	4
120	1
120	0
120	19
120	14
121	13
121	26
121	2
121	3
121	28
121	5
122	3
122	13
122	2
122	1
122	14
122	19
123	3
123	13
123	0
123	4
123	10
123	6
124	11
124	10
124	1
124	15
124	0
124	100
125	2
125	3
125	117
125	10
125	118
125	94
126	0
126	8
126	10
126	14
126	4
126	1
127	0
127	9
127	2
127	4
127	1
127	88
128	5
128	2
128	15
128	0
128	3
128	98
129	61
129	13
129	0
129	3
129	2
129	1
130	1
130	12
130	64
130	4
130	5
130	0
131	26
131	13
131	9
131	11
131	1
131	3
132	10
132	95
132	33
132	13
132	8
132	0
133	61
133	0
133	1
133	14
133	32
133	25
134	5
134	1
134	0
134	45
134	115
134	3
135	50
135	4
135	3
135	7
135	0
135	5
136	2
136	15
136	7
136	51
136	63
136	3
137	3
137	90
137	7
137	1
137	0
137	128
138	10
138	0
138	8
138	7
138	5
138	98
139	98
139	1
139	5
139	43
139	11
139	25
140	10
140	2
140	37
140	0
140	15
140	8
141	118
141	9
141	0
141	5
141	13
141	3
142	0
142	9
142	4
142	8
142	3
142	13
143	1
143	74
143	110
143	7
143	5
143	51
144	3
144	33
144	16
144	4
144	11
144	98
145	0
145	35
145	9
145	4
145	3
145	15
146	1
146	14
146	114
146	127
146	66
146	35
147	1
147	118
147	2
147	60
147	61
147	13
148	9
148	2
148	3
148	1
148	51
148	100
149	1
149	0
149	3
149	2
149	10
149	13
150	5
150	2
150	14
150	3
150	94
150	4
151	17
151	3
151	72
151	4
151	8
151	62
152	14
152	1
152	142
152	0
152	3
152	122
153	0
153	1
153	2
153	6
153	11
153	7
154	1
154	39
154	37
154	10
154	9
154	14
155	5
155	60
155	4
155	8
155	1
155	10
156	26
156	19
156	3
156	147
156	17
156	5
157	5
157	29
157	1
157	13
157	17
157	9
158	63
158	7
158	6
158	3
158	94
158	19
159	5
159	102
159	114
159	0
159	153
159	11
160	0
160	8
160	10
160	2
160	4
160	5
161	11
161	45
161	106
161	4
161	10
161	0
162	4
162	123
162	1
162	64
162	13
162	3
163	31
163	3
163	80
163	0
163	1
163	24
164	5
164	1
164	9
164	3
164	10
164	23
165	61
165	0
165	11
165	147
165	6
165	28
166	1
166	68
166	11
166	78
166	35
166	65
167	0
167	19
167	2
167	3
167	4
167	11
168	13
168	106
168	0
168	2
168	4
168	45
169	10
169	9
169	27
169	14
169	3
169	0
170	7
170	73
170	11
170	0
170	5
170	4
171	11
171	121
171	4
171	5
171	13
171	94
172	17
172	7
172	45
172	8
172	132
172	3
173	1
173	51
173	3
173	61
173	13
173	9
174	0
174	37
174	136
174	73
174	3
174	2
175	80
175	8
175	1
175	3
175	5
175	23
176	99
176	43
176	1
176	7
176	8
176	163
177	0
177	9
177	99
177	5
177	3
177	10
178	4
178	110
178	0
178	2
178	19
178	5
179	94
179	89
179	116
179	3
179	0
179	5
180	138
180	32
180	0
180	19
180	103
180	144
181	20
181	72
181	61
181	4
181	1
181	23
182	1
182	5
182	176
182	10
182	9
182	127
183	3
183	182
183	103
183	4
183	1
183	118
184	2
184	0
184	94
184	13
184	15
184	25
185	0
185	1
185	9
185	26
185	23
185	17
186	0
186	3
186	98
186	1
186	10
186	139
187	2
187	5
187	10
187	23
187	122
187	26
188	4
188	0
188	20
188	155
188	37
188	3
189	7
189	10
189	13
189	176
189	17
189	5
190	23
190	7
190	5
190	4
190	9
190	3
191	3
191	1
191	5
191	62
191	68
191	9
192	13
192	101
192	4
192	10
192	6
192	14
193	147
193	1
193	152
193	15
193	45
193	14
194	83
194	4
194	21
194	3
194	9
194	17
195	2
195	0
195	45
195	51
195	15
195	4
196	15
196	0
196	11
196	13
196	7
196	3
197	25
197	7
197	28
197	4
197	1
197	10
198	13
198	118
198	96
198	0
198	37
198	3
199	19
199	5
199	4
199	9
199	10
199	24
200	17
200	5
200	4
200	13
200	7
200	14
201	0
201	9
201	3
201	5
201	15
201	118
202	4
202	1
202	13
202	99
202	7
202	10
203	1
203	4
203	3
203	23
203	183
203	67
204	1
204	11
204	6
204	3
204	61
204	29
205	1
205	3
205	60
205	194
205	13
205	89
206	184
206	28
206	15
206	3
206	5
206	14
207	123
207	4
207	5
207	0
207	19
207	7
208	49
208	3
208	15
208	17
208	8
208	2
209	5
209	30
209	2
209	1
209	8
209	3
210	51
210	60
210	144
210	68
210	15
210	2
211	61
211	26
211	32
211	20
211	64
211	4
212	17
212	10
212	4
212	1
212	9
212	6
213	5
213	77
213	19
213	190
213	3
213	11
214	1
214	5
214	151
214	36
214	88
214	13
215	51
215	7
215	4
215	9
215	2
215	5
216	198
216	4
216	3
216	143
216	1
216	172
217	80
217	15
217	6
217	2
217	1
217	5
218	5
218	128
218	10
218	203
218	26
218	1
219	11
219	2
219	0
219	149
219	4
219	3
220	15
220	8
220	0
220	25
220	3
220	45
221	9
221	10
221	8
221	19
221	205
221	52
222	0
222	9
222	3
222	1
222	2
222	184
223	33
223	81
223	23
223	4
223	5
223	7
224	4
224	5
224	44
224	0
224	3
224	9
225	19
225	15
225	26
225	1
225	2
225	4
226	3
226	37
226	215
226	19
226	0
226	4
227	59
227	136
227	13
227	4
227	15
227	100
228	4
228	2
228	0
228	1
228	81
228	14
229	215
229	0
229	5
229	53
229	17
229	9
230	15
230	20
230	7
230	2
230	184
230	8
231	26
231	10
231	1
231	3
231	0
231	2
232	2
232	5
232	4
232	62
232	0
232	1
233	61
233	10
233	7
233	3
233	101
233	81
234	4
234	0
234	109
234	17
234	90
234	70
235	94
235	9
235	80
235	8
235	3
235	5
236	45
236	73
236	1
236	2
236	5
236	8
237	177
237	157
237	190
237	30
237	19
237	3
238	5
238	0
238	75
238	3
238	4
238	10
239	28
239	0
239	3
239	118
239	90
239	15
240	11
240	3
240	101
240	44
240	10
240	2
241	3
241	5
241	4
241	0
241	7
241	10
242	5
242	4
242	14
242	9
242	2
242	81
243	10
243	8
243	26
243	39
243	88
243	63
244	19
244	28
244	2
244	24
244	3
244	1
245	5
245	0
245	17
245	37
245	48
245	1
246	15
246	80
246	0
246	2
246	3
246	8
247	2
247	10
247	4
247	17
247	23
247	3
248	26
248	33
248	28
248	0
248	172
248	13
249	3
249	7
249	10
249	5
249	64
249	9
250	0
250	8
250	2
250	212
250	4
250	15
251	5
251	0
251	122
251	159
251	2
251	6
252	5
252	2
252	19
252	51
252	44
252	0
253	3
253	10
253	25
253	5
253	8
253	81
254	0
254	3
254	4
254	241
254	11
254	32
255	2
255	81
255	26
255	110
255	3
255	37
256	81
256	3
256	1
256	13
256	10
256	9
257	52
257	8
257	9
257	5
257	1
257	3
258	3
258	52
258	1
258	10
258	5
258	4
259	5
259	10
259	19
259	212
259	92
259	7
260	8
260	6
260	3
260	184
260	0
260	31
261	13
261	3
261	169
261	5
261	1
261	145
262	1
262	5
262	116
262	179
262	131
262	78
263	3
263	0
263	8
263	198
263	7
263	4
264	0
264	10
264	128
264	23
264	5
264	106
265	61
265	4
265	92
265	161
265	15
265	5
266	130
266	179
266	5
266	1
266	103
266	19
267	3
267	13
267	4
267	151
267	2
267	0
268	4
268	248
268	3
268	8
268	217
268	0
269	4
269	78
269	1
269	163
269	85
269	17
270	11
270	25
270	4
270	5
270	3
270	1
271	139
271	122
271	5
271	25
271	9
271	4
272	5
272	212
272	4
272	13
272	184
272	90
273	1
273	37
273	71
273	90
273	227
273	29
274	232
274	4
274	10
274	3
274	1
274	7
275	33
275	60
275	0
275	184
275	3
275	4
276	88
276	131
276	39
276	4
276	8
276	89
277	5
277	72
277	61
277	9
277	135
277	51
278	17
278	4
278	10
278	14
278	11
278	1
279	262
279	218
279	0
279	188
279	10
279	1
280	81
280	7
280	32
280	86
280	11
280	0
281	81
281	26
281	151
281	3
281	61
281	118
282	5
282	6
282	4
282	0
282	3
282	2
283	54
283	7
283	13
283	4
283	5
283	48
284	9
284	14
284	7
284	13
284	139
284	3
285	10
285	26
285	1
285	217
285	3
285	75
286	80
286	17
286	159
286	1
286	10
286	45
287	161
287	19
287	14
287	5
287	13
287	162
288	88
288	44
288	171
288	0
288	60
288	9
289	50
289	4
289	9
289	88
289	0
289	13
290	102
290	4
290	86
290	3
290	13
290	35
291	126
291	125
291	3
291	47
291	17
291	5
292	61
292	143
292	9
292	162
292	1
292	2
293	59
293	4
293	14
293	10
293	2
293	51
294	47
294	2
294	3
294	75
294	159
294	118
295	10
295	5
295	8
295	2
295	3
295	1
296	5
296	0
296	9
296	29
296	19
296	247
297	133
297	17
297	145
297	8
297	75
297	4
298	11
298	257
298	15
298	10
298	68
298	4
299	94
299	0
299	3
299	2
299	203
299	1
300	4
300	13
300	33
300	61
300	5
300	3
301	108
301	1
301	0
301	3
301	10
301	198
302	44
302	13
302	10
302	29
302	17
302	5
303	1
303	3
303	66
303	19
303	75
303	0
304	151
304	5
304	181
304	14
304	13
304	87
305	17
305	26
305	2
305	15
305	5
305	1
306	1
306	10
306	3
306	61
306	0
306	301
307	4
307	10
307	3
307	6
307	72
307	0
308	98
308	288
308	13
308	5
308	3
308	2
309	4
309	110
309	0
309	70
309	25
309	1
310	47
310	26
310	4
310	118
310	3
310	7
311	1
311	19
311	2
311	61
311	10
311	37
312	46
312	15
312	3
312	33
312	1
312	4
313	8
313	1
313	23
313	50
313	5
313	10
314	3
314	11
314	14
314	193
314	0
314	162
315	295
315	5
315	44
315	92
315	22
315	4
316	17
316	131
316	1
316	10
316	0
316	105
317	66
317	0
317	51
317	31
317	1
317	11
318	30
318	5
318	10
318	267
318	19
318	0
319	1
319	110
319	51
319	99
319	14
319	13
320	47
320	4
320	10
320	9
320	25
320	3
321	0
321	1
321	2
321	117
321	42
321	53
322	8
322	1
322	9
322	120
322	10
322	19
323	5
323	2
323	19
323	10
323	3
323	62
324	4
324	14
324	3
324	58
324	5
324	10
325	190
325	43
325	48
325	5
325	103
325	301
326	153
326	25
326	98
326	13
326	47
326	1
327	301
327	80
327	2
327	3
327	14
327	61
328	2
328	247
328	5
328	316
328	59
328	10
329	5
329	1
329	19
329	65
329	170
329	9
330	210
330	4
330	212
330	184
330	2
330	121
331	37
331	106
331	13
331	10
331	5
331	147
332	163
332	2
332	66
332	4
332	3
332	23
333	4
333	3
333	1
333	67
333	0
333	19
334	16
334	0
334	4
334	171
334	320
334	117
335	2
335	62
335	9
335	10
335	190
335	153
336	6
336	0
336	164
336	306
336	11
336	3
337	13
337	37
337	10
337	5
337	3
337	4
338	0
338	3
338	242
338	48
338	78
338	10
339	15
339	3
339	26
339	43
339	51
339	10
340	278
340	131
340	14
340	32
340	4
340	225
341	23
341	162
341	4
341	302
341	1
341	13
342	1
342	3
342	64
342	0
342	5
342	160
343	1
343	5
343	123
343	33
343	41
343	322
344	0
344	26
344	60
344	45
344	1
344	3
345	69
345	17
345	4
345	0
345	13
345	1
346	60
346	5
346	90
346	1
346	10
346	98
347	14
347	3
347	268
347	33
347	5
347	123
348	5
348	230
348	4
348	313
348	0
348	52
349	4
349	8
349	23
349	0
349	3
349	1
350	57
350	3
350	10
350	5
350	218
350	16
351	25
351	43
351	99
351	4
351	1
351	10
352	2
352	0
352	197
352	19
352	7
352	1
353	64
353	13
353	2
353	313
353	248
353	210
354	103
354	13
354	4
354	25
354	2
354	19
355	0
355	47
355	5
355	39
355	75
355	130
356	19
356	120
356	26
356	212
356	171
356	0
357	4
357	6
357	3
357	2
357	147
357	0
358	2
358	64
358	3
358	288
358	66
358	11
359	1
359	4
359	315
359	81
359	0
359	45
360	5
360	49
360	4
360	1
360	0
360	175
361	167
361	35
361	61
361	3
361	5
361	177
362	327
362	9
362	75
362	223
362	354
362	4
363	26
363	6
363	10
363	4
363	0
363	98
364	43
364	118
364	2
364	3
364	17
364	231
365	10
365	3
365	17
365	274
365	145
365	179
366	7
366	4
366	149
366	81
366	128
366	6
367	4
367	3
367	149
367	208
367	5
367	153
368	5
368	9
368	14
368	3
368	4
368	7
369	11
369	1
369	80
369	2
369	9
369	25
370	2
370	7
370	14
370	13
370	173
370	81
371	1
371	117
371	13
371	35
371	2
371	10
372	44
372	90
372	97
372	3
372	117
372	14
373	32
373	131
373	7
373	210
373	162
373	98
374	5
374	13
374	2
374	69
374	172
374	81
375	44
375	0
375	207
375	10
375	4
375	107
376	5
376	11
376	3
376	19
376	7
376	98
377	32
377	52
377	3
377	0
377	162
377	236
378	26
378	213
378	47
378	19
378	8
378	5
379	10
379	3
379	9
379	11
379	0
379	7
380	4
380	25
380	101
380	19
380	32
380	3
381	5
381	127
381	259
381	3
381	0
381	293
382	144
382	19
382	106
382	17
382	192
382	3
383	9
383	34
383	3
383	51
383	4
383	49
384	98
384	8
384	357
384	24
384	69
384	0
385	1
385	50
385	257
385	24
385	206
385	0
386	179
386	162
386	24
386	9
386	47
386	3
387	34
387	45
387	13
387	4
387	0
387	3
388	121
388	3
388	1
388	13
388	17
388	189
389	142
389	313
389	172
389	9
389	2
389	287
390	3
390	23
390	4
390	110
390	8
390	5
391	148
391	23
391	25
391	4
391	2
391	145
392	78
392	61
392	384
392	14
392	3
392	19
393	4
393	13
393	10
393	15
393	220
393	104
394	8
394	110
394	149
394	81
394	14
394	190
395	11
395	1
395	4
395	32
395	6
395	9
396	8
396	3
396	1
396	0
396	37
396	5
397	10
397	248
397	24
397	106
397	77
397	288
398	0
398	7
398	280
398	10
398	276
398	3
399	0
399	189
399	8
399	13
399	254
399	3
400	317
400	7
400	3
400	13
400	10
400	203
401	0
401	2
401	19
401	89
401	10
401	40
402	26
402	0
402	3
402	395
402	5
402	277
403	11
403	3
403	0
403	5
403	9
403	17
404	14
404	10
404	0
404	4
404	310
404	91
405	10
405	51
405	5
405	13
405	212
405	4
406	1
406	0
406	177
406	5
406	19
406	171
407	19
407	2
407	8
407	4
407	0
407	317
408	10
408	2
408	181
408	367
408	115
408	4
409	3
409	13
409	17
409	175
409	322
409	214
410	5
410	17
410	1
410	13
410	2
410	6
411	4
411	51
411	1
411	32
411	37
411	73
412	60
412	34
412	14
412	66
412	1
412	3
413	66
413	3
413	13
413	4
413	9
413	130
414	34
414	10
414	4
414	106
414	33
414	9
415	165
415	46
415	361
415	35
415	203
415	14
416	52
416	140
416	1
416	10
416	19
416	0
417	98
417	58
417	267
417	6
417	10
417	218
418	8
418	131
418	9
418	5
418	4
418	3
419	9
419	2
419	126
419	350
419	1
419	0
420	0
420	260
420	1
420	44
420	4
420	3
421	3
421	45
421	0
421	163
421	15
421	5
422	33
422	26
422	5
422	10
422	218
422	17
423	139
423	28
423	15
423	11
423	44
423	65
424	3
424	5
424	173
424	7
424	143
424	275
425	17
425	1
425	78
425	37
425	4
425	163
426	11
426	0
426	1
426	3
426	23
426	118
427	1
427	0
427	25
427	8
427	10
427	122
428	239
428	337
428	93
428	0
428	2
428	19
429	313
429	1
429	13
429	8
429	4
429	5
430	3
430	1
430	15
430	10
430	58
430	28
431	310
431	5
431	184
431	7
431	35
431	110
432	8
432	10
432	26
432	1
432	13
432	4
433	25
433	354
433	431
433	4
433	2
433	13
434	10
434	7
434	88
434	55
434	15
434	25
435	17
435	43
435	261
435	301
435	375
435	162
436	1
436	10
436	97
436	4
436	23
436	0
437	3
437	8
437	1
437	9
437	165
437	10
438	7
438	110
438	15
438	0
438	3
438	23
439	3
439	4
439	25
439	11
439	15
439	51
440	0
440	4
440	5
440	184
440	3
440	77
441	118
441	0
441	168
441	49
441	3
441	241
442	4
442	100
442	1
442	10
442	13
442	210
443	143
443	14
443	0
443	9
443	7
443	430
444	45
444	8
444	6
444	88
444	1
444	122
445	42
445	9
445	58
445	8
445	2
445	0
446	1
446	10
446	130
446	3
446	13
446	384
447	131
447	218
447	44
447	19
447	21
447	10
448	5
448	3
448	0
448	6
448	90
448	15
449	2
449	121
449	0
449	276
449	33
449	15
450	9
450	131
450	0
450	13
450	4
450	11
451	14
451	0
451	399
451	44
451	1
451	71
452	14
452	47
452	70
452	426
452	1
452	440
453	10
453	3
453	7
453	6
453	212
453	13
454	0
454	61
454	13
454	122
454	173
454	226
455	0
455	11
455	1
455	14
455	203
455	4
456	42
456	35
456	5
456	3
456	248
456	0
457	4
457	5
457	19
457	7
457	1
457	17
458	63
458	55
458	11
458	5
458	0
458	14
459	26
459	10
459	343
459	3
459	122
459	61
460	218
460	268
460	3
460	262
460	8
460	45
461	327
461	19
461	1
461	20
461	3
461	10
462	7
462	384
462	30
462	64
462	3
462	5
463	190
463	1
463	330
463	9
463	8
463	13
464	10
464	9
464	54
464	4
464	2
464	14
465	1
465	10
465	13
465	101
465	8
465	126
466	5
466	147
466	61
466	0
466	7
466	90
467	14
467	44
467	435
467	45
467	15
467	159
468	9
468	0
468	4
468	20
468	322
468	23
469	4
469	446
469	8
469	3
469	15
469	5
470	1
470	61
470	51
470	387
470	2
470	248
471	114
471	4
471	11
471	28
471	5
471	1
472	149
472	2
472	11
472	10
472	234
472	15
473	9
473	402
473	5
473	66
473	3
473	86
474	81
474	142
474	11
474	3
474	28
474	248
475	5
475	0
475	3
475	298
475	2
475	255
476	7
476	51
476	60
476	10
476	70
476	17
477	5
477	0
477	20
477	4
477	200
477	11
478	1
478	28
478	14
478	0
478	5
478	25
479	4
479	435
479	117
479	13
479	262
479	0
480	3
480	262
480	13
480	17
480	69
480	35
481	0
481	9
481	1
481	33
481	14
481	3
482	198
482	7
482	210
482	25
482	26
482	9
483	45
483	4
483	197
483	3
483	8
483	105
484	5
484	7
484	253
484	3
484	4
484	212
485	4
485	5
485	209
485	474
485	138
485	184
486	3
486	84
486	144
486	4
486	2
486	10
487	13
487	28
487	0
487	3
487	1
487	4
488	3
488	310
488	7
488	2
488	44
488	404
489	117
489	35
489	7
489	8
489	5
489	123
490	122
490	12
490	184
490	37
490	50
490	4
491	4
491	3
491	262
491	120
491	237
491	142
492	123
492	10
492	95
492	3
492	39
492	0
493	387
493	208
493	2
493	98
493	143
493	0
494	17
494	9
494	26
494	215
494	67
494	3
495	16
495	17
495	0
495	2
495	6
495	3
496	3
496	47
496	379
496	10
496	35
496	94
497	45
497	41
497	0
497	196
497	2
497	3
498	13
498	20
498	90
498	4
498	335
498	29
499	164
499	11
499	1
499	0
499	34
499	9
500	10
500	5
500	3
500	11
500	4
500	227
501	3
501	399
501	184
501	8
501	100
501	19
502	10
502	131
502	151
502	3
502	255
502	0
503	0
503	11
503	5
503	9
503	289
503	310
504	5
504	4
504	39
504	3
504	8
504	66
505	0
505	100
505	77
505	8
505	4
505	15
506	4
506	143
506	23
506	5
506	128
506	25
507	2
507	9
507	13
507	339
507	5
507	10
508	431
508	9
508	148
508	1
508	8
508	3
509	217
509	16
509	3
509	1
509	9
509	17
510	73
510	5
510	3
510	7
510	167
510	1
511	81
511	5
511	73
511	100
511	2
511	92
512	345
512	17
512	37
512	5
512	3
512	81
513	144
513	3
513	1
513	6
513	30
513	7
514	398
514	118
514	280
514	24
514	92
514	361
515	0
515	19
515	3
515	121
515	81
515	9
516	39
516	50
516	267
516	206
516	10
516	54
517	3
517	1
517	66
517	262
517	88
517	14
518	32
518	77
518	19
518	7
518	177
518	265
519	123
519	120
519	160
519	472
519	482
519	13
520	8
520	80
520	414
520	33
520	0
520	13
521	118
521	230
521	7
521	14
521	13
521	1
522	0
522	14
522	13
522	196
522	3
522	182
523	4
523	15
523	64
523	2
523	356
523	387
524	425
524	0
524	37
524	47
524	218
524	3
525	2
525	137
525	4
525	1
525	37
525	26
526	90
526	133
526	0
526	323
526	218
526	116
527	8
527	4
527	280
527	9
527	13
527	61
528	58
528	60
528	32
528	13
528	101
528	8
529	4
529	275
529	177
529	71
529	3
529	0
530	304
530	353
530	4
530	33
530	0
530	8
531	63
531	7
531	136
531	284
531	2
531	59
532	8
532	3
532	6
532	13
532	253
532	101
533	0
533	510
533	17
533	27
533	6
533	177
534	17
534	25
534	4
534	113
534	3
534	2
535	25
535	163
535	5
535	2
535	26
535	123
536	2
536	15
536	1
536	4
536	5
536	492
537	1
537	5
537	30
537	9
537	0
537	206
538	4
538	9
538	278
538	432
538	291
538	102
539	184
539	3
539	433
539	1
539	45
539	4
540	3
540	2
540	357
540	288
540	9
540	5
541	496
541	1
541	202
541	5
541	387
541	94
542	4
542	14
542	2
542	9
542	0
542	55
543	25
543	4
543	0
543	353
543	2
543	5
544	0
544	8
544	9
544	15
544	5
544	4
545	121
545	4
545	5
545	13
545	80
545	1
546	5
546	9
546	4
546	176
546	6
546	17
547	163
547	3
547	381
547	4
547	147
547	9
548	3
548	1
548	28
548	351
548	232
548	24
549	10
549	464
549	45
549	401
549	60
549	61
550	64
550	2
550	4
550	1
550	341
550	529
551	26
551	2
551	10
551	8
551	3
551	1
552	43
552	126
552	0
552	5
552	16
552	44
553	9
553	212
553	8
553	5
553	106
553	179
554	227
554	3
554	11
554	438
554	32
554	45
555	5
555	519
555	3
555	19
555	51
555	145
556	148
556	8
556	4
556	482
556	17
556	2
557	139
557	189
557	19
557	8
557	47
557	484
558	23
558	123
558	240
558	100
558	13
558	3
559	62
559	171
559	432
559	2
559	1
559	37
560	164
560	1
560	30
560	4
560	556
560	7
561	1
561	122
561	5
561	9
561	2
561	3
562	4
562	23
562	5
562	50
562	278
562	0
563	428
563	3
563	6
563	15
563	32
563	5
564	10
564	35
564	4
564	9
564	8
564	5
565	26
565	14
565	9
565	70
565	149
565	44
566	5
566	361
566	1
566	144
566	10
566	9
567	184
567	45
567	473
567	235
567	1
567	13
568	112
568	1
568	17
568	540
568	4
568	7
569	6
569	4
569	10
569	175
569	14
569	25
570	1
570	404
570	6
570	395
570	5
570	60
571	47
571	1
571	10
571	2
571	5
571	4
572	5
572	10
572	13
572	60
572	0
572	563
573	10
573	333
573	0
573	1
573	310
573	13
574	190
574	62
574	1
574	7
574	5
574	10
575	100
575	1
575	343
575	13
575	7
575	64
576	4
576	73
576	9
576	13
576	3
576	259
577	23
577	10
577	118
577	310
577	3
577	568
578	0
578	32
578	4
578	13
578	28
578	14
579	75
579	409
579	3
579	4
579	29
579	9
580	5
580	13
580	64
580	306
580	386
580	162
581	6
581	255
581	72
581	3
581	421
581	4
582	60
582	63
582	306
582	51
582	519
582	0
583	0
583	3
583	23
583	10
583	1
583	59
584	9
584	110
584	11
584	247
584	106
584	13
585	7
585	3
585	5
585	17
585	1
585	262
586	17
586	1
586	5
586	4
586	2
586	13
587	3
587	2
587	67
587	10
587	53
587	11
588	13
588	5
588	10
588	6
588	171
588	3
589	3
589	6
589	127
589	197
589	19
589	7
590	45
590	171
590	4
590	51
590	72
590	9
591	2
591	29
591	3
591	7
591	17
591	454
592	2
592	1
592	16
592	398
592	0
592	44
593	0
593	17
593	2
593	48
593	7
593	47
594	4
594	1
594	3
594	37
594	17
594	212
595	13
595	17
595	72
595	207
595	25
595	0
596	11
596	0
596	28
596	1
596	17
596	2
597	210
597	1
597	48
597	68
597	4
597	26
598	5
598	4
598	0
598	54
598	1
598	8
599	1
599	147
599	15
599	11
599	24
599	151
600	35
600	14
600	5
600	549
600	20
600	13
601	267
601	0
601	1
601	131
601	399
601	2
602	0
602	23
602	2
602	19
602	51
602	266
603	4
603	19
603	7
603	6
603	9
603	0
604	10
604	4
604	7
604	3
604	5
604	66
605	540
605	3
605	227
605	32
605	1
605	0
606	262
606	4
606	1
606	47
606	70
606	284
607	13
607	5
607	3
607	39
607	402
607	1
608	8
608	7
608	1
608	26
608	540
608	4
609	83
609	300
609	4
609	342
609	100
609	44
610	3
610	4
610	1
610	288
610	153
610	33
611	3
611	116
611	23
611	414
611	85
611	1
612	8
612	23
612	323
612	3
612	4
612	5
613	2
613	6
613	4
613	14
613	288
613	440
614	3
614	21
614	57
614	2
614	15
614	10
615	5
615	163
615	4
615	17
615	25
615	399
616	5
616	64
616	13
616	82
616	2
616	3
617	92
617	8
617	217
617	4
617	227
617	9
618	1
618	3
618	118
618	4
618	19
618	184
619	32
619	103
619	527
619	5
619	255
619	19
620	3
620	2
620	5
620	120
620	19
620	0
621	259
621	26
621	10
621	2
621	13
621	343
622	25
622	11
622	30
622	19
622	35
622	3
623	2
623	0
623	184
623	4
623	25
623	23
624	306
624	3
624	1
624	13
624	5
624	23
625	61
625	5
625	51
625	0
625	17
625	318
626	392
626	23
626	555
626	4
626	5
626	10
627	14
627	171
627	10
627	0
627	68
627	3
628	267
628	3
628	5
628	2
628	28
628	8
629	0
629	25
629	92
629	1
629	10
629	2
630	8
630	5
630	257
630	0
630	45
630	92
631	10
631	14
631	4
631	0
631	317
631	1
632	2
632	84
632	11
632	14
632	5
632	3
633	147
633	2
633	5
633	103
633	442
633	3
634	15
634	17
634	14
634	122
634	0
634	163
635	0
635	17
635	10
635	9
635	36
635	100
636	305
636	48
636	631
636	51
636	4
636	2
637	1
637	4
637	2
637	61
637	63
637	32
638	8
638	11
638	4
638	354
638	0
638	5
639	23
639	3
639	218
639	13
639	8
639	1
640	4
640	26
640	0
640	24
640	5
640	259
641	64
641	81
641	288
641	162
641	5
641	23
642	4
642	3
642	1
642	92
642	9
642	0
643	10
643	3
643	63
643	19
643	15
643	275
644	5
644	15
644	10
644	1
644	0
644	203
645	6
645	61
645	9
645	197
645	3
645	13
646	19
646	144
646	0
646	7
646	13
646	26
647	2
647	17
647	65
647	92
647	3
647	10
648	5
648	9
648	7
648	432
648	0
648	439
649	0
649	1
649	3
649	5
649	226
649	203
650	402
650	9
650	0
650	37
650	310
650	1
651	184
651	0
651	92
651	13
651	330
651	262
652	0
652	13
652	4
652	10
652	1
652	7
653	9
653	0
653	13
653	302
653	433
653	19
654	3
654	524
654	13
654	10
654	8
654	275
655	2
655	3
655	4
655	1
655	210
655	13
656	28
656	284
656	13
656	4
656	16
656	14
657	5
657	4
657	7
657	94
657	3
657	639
658	4
658	2
658	9
658	8
658	61
658	343
659	4
659	163
659	5
659	9
659	2
659	301
660	8
660	70
660	0
660	68
660	4
660	11
661	60
661	3
661	15
661	198
661	12
661	4
662	2
662	13
662	11
662	45
662	231
662	74
663	5
663	13
663	60
663	203
663	61
663	14
664	2
664	255
664	4
664	9
664	284
664	3
665	352
665	4
665	1
665	14
665	148
665	9
666	210
666	9
666	172
666	1
666	5
666	2
667	98
667	13
667	50
667	4
667	94
667	634
668	1
668	5
668	258
668	220
668	262
668	4
669	20
669	1
669	10
669	24
669	4
669	11
670	1
670	134
670	0
670	608
670	311
670	620
671	142
671	0
671	1
671	5
671	3
671	423
672	345
672	122
672	4
672	226
672	179
672	5
673	2
673	9
673	197
673	1
673	10
673	11
674	306
674	2
674	50
674	5
674	47
674	184
675	184
675	215
675	5
675	4
675	2
675	1
676	142
676	0
676	3
676	147
676	123
676	558
677	8
677	0
677	168
677	5
677	128
677	1
678	28
678	63
678	20
678	17
678	2
678	0
679	7
679	19
679	4
679	3
679	10
679	9
680	4
680	398
680	441
680	0
680	13
680	9
681	0
681	1
681	2
681	47
681	335
681	203
682	4
682	66
682	478
682	1
682	19
682	11
683	5
683	1
683	47
683	3
683	10
683	446
684	7
684	5
684	416
684	25
684	23
684	3
685	45
685	8
685	17
685	9
685	1
685	278
686	67
686	506
686	5
686	4
686	2
686	10
687	3
687	4
687	5
687	242
687	10
687	184
688	0
688	3
688	484
688	1
688	15
688	10
689	3
689	32
689	17
689	11
689	253
689	1
690	4
690	21
690	0
690	218
690	548
690	5
691	131
691	4
691	472
691	3
691	0
691	1
692	11
692	0
692	602
692	43
692	23
692	39
693	10
693	301
693	81
693	5
693	2
693	8
694	7
694	1
694	399
694	4
694	17
694	35
695	47
695	1
695	582
695	3
695	4
695	99
696	5
696	280
696	4
696	68
696	250
696	323
697	5
697	17
697	9
697	61
697	4
697	212
698	81
698	3
698	5
698	417
698	11
698	58
699	421
699	9
699	471
699	5
699	0
699	1
700	68
700	8
700	207
700	17
700	64
700	7
701	26
701	72
701	8
701	13
701	218
701	417
702	7
702	1
702	218
702	10
702	560
702	122
703	8
703	232
703	19
703	81
703	302
703	25
704	477
704	9
704	8
704	45
704	80
704	19
705	105
705	197
705	23
705	380
705	143
705	248
706	0
706	45
706	5
706	278
706	9
706	144
707	4
707	44
707	339
707	259
707	8
707	13
708	17
708	7
708	13
708	548
708	291
708	5
709	65
709	484
709	7
709	232
709	163
709	307
710	1
710	402
710	620
710	4
710	44
710	50
711	81
711	110
711	253
711	5
711	1
711	186
712	0
712	4
712	140
712	10
712	217
712	90
713	224
713	149
713	296
713	4
713	7
713	44
714	26
714	143
714	179
714	5
714	2
714	107
715	68
715	4
715	0
715	5
715	1
715	3
716	7
716	1
716	3
716	10
716	233
716	278
717	9
717	2
717	4
717	62
717	24
717	136
718	57
718	257
718	1
718	5
718	0
718	15
719	37
719	4
719	0
719	13
719	3
719	15
720	478
720	7
720	81
720	8
720	9
720	2
721	3
721	136
721	10
721	5
721	655
721	292
722	4
722	10
722	23
722	3
722	5
722	248
723	1
723	679
723	4
723	5
723	384
723	255
724	1
724	17
724	9
724	33
724	6
724	527
725	3
725	197
725	4
725	51
725	10
725	17
726	15
726	44
726	1
726	587
726	4
726	10
727	4
727	49
727	647
727	9
727	5
727	7
728	0
728	1
728	5
728	650
728	2
728	47
729	3
729	0
729	218
729	2
729	191
729	8
730	3
730	480
730	212
730	5
730	23
730	9
731	6
731	440
731	372
731	3
731	96
731	2
732	5
732	1
732	50
732	98
732	116
732	143
733	9
733	3
733	0
733	10
733	445
733	11
734	37
734	399
734	266
734	109
734	28
734	4
735	118
735	10
735	81
735	4
735	475
735	3
736	162
736	323
736	2
736	274
736	49
736	33
737	4
737	5
737	10
737	51
737	100
737	121
738	7
738	6
738	131
738	612
738	4
738	10
739	4
739	617
739	0
739	331
739	135
739	5
740	66
740	8
740	47
740	10
740	399
740	11
741	188
741	25
741	8
741	583
741	3
741	381
742	648
742	248
742	37
742	43
742	436
742	10
743	208
743	144
743	262
743	10
743	52
743	1
744	1
744	106
744	7
744	384
744	3
744	248
745	10
745	4
745	151
745	617
745	290
745	17
746	464
746	5
746	431
746	11
746	45
746	26
747	62
747	78
747	4
747	0
747	98
747	33
748	23
748	14
748	440
748	5
748	398
748	3
749	78
749	484
749	3
749	143
749	4
749	1
750	10
750	80
750	5
750	523
750	0
750	4
751	7
751	8
751	5
751	0
751	3
751	4
752	63
752	8
752	98
752	10
752	7
752	3
753	4
753	367
753	11
753	5
753	304
753	116
754	78
754	184
754	4
754	103
754	1
754	61
755	5
755	61
755	4
755	7
755	63
755	482
756	7
756	3
756	2
756	63
756	348
756	0
757	7
757	3
757	544
757	2
757	1
757	141
758	752
758	145
758	2
758	10
758	16
758	361
759	123
759	1
759	11
759	149
759	19
759	61
760	602
760	650
760	229
760	25
760	5
760	3
761	3
761	50
761	145
761	270
761	404
761	5
762	6
762	3
762	19
762	519
762	130
762	10
763	3
763	246
763	357
763	143
763	5
763	9
764	28
764	421
764	4
764	10
764	1
764	0
765	4
765	190
765	66
765	13
765	10
765	172
766	13
766	1
766	45
766	730
766	751
766	2
767	5
767	648
767	629
767	3
767	98
767	39
768	9
768	162
768	47
768	4
768	14
768	91
769	44
769	19
769	115
769	2
769	0
769	61
770	10
770	231
770	630
770	1
770	9
770	34
771	399
771	34
771	5
771	61
771	23
771	1
772	24
772	13
772	51
772	25
772	26
772	115
773	2
773	123
773	45
773	75
773	9
773	1
774	436
774	217
774	650
774	13
774	331
774	302
775	21
775	381
775	203
775	1
775	2
775	10
776	19
776	59
776	25
776	311
776	184
776	1
777	7
777	343
777	130
777	0
777	45
777	2
778	15
778	748
778	1
778	214
778	13
778	666
779	279
779	1
779	51
779	280
779	5
779	89
780	4
780	3
780	6
780	5
780	601
780	19
781	13
781	80
781	632
781	43
781	281
781	2
782	61
782	3
782	306
782	33
782	2
782	262
783	17
783	14
783	1
783	399
783	16
783	291
784	1
784	70
784	8
784	19
784	45
784	218
785	443
785	3
785	281
785	2
785	0
785	5
786	5
786	148
786	24
786	9
786	172
786	490
787	51
787	60
787	288
787	5
787	764
787	3
788	0
788	217
788	3
788	6
788	16
788	1
789	10
789	7
789	1
789	37
789	11
789	3
790	171
790	10
790	0
790	323
790	1
790	8
791	4
791	0
791	6
791	3
791	67
791	5
792	0
792	3
792	5
792	34
792	323
792	284
793	13
793	168
793	173
793	49
793	189
793	9
794	125
794	17
794	118
794	1
794	235
794	0
795	10
795	33
795	218
795	1
795	66
795	7
796	0
796	6
796	51
796	1
796	262
796	5
797	6
797	1
797	459
797	629
797	399
797	3
798	236
798	7
798	5
798	80
798	1
798	0
799	480
799	7
799	181
799	10
799	1
799	13
800	3
800	1
800	0
800	9
800	4
800	7
801	612
801	229
801	92
801	4
801	128
801	84
802	17
802	4
802	3
802	10
802	5
802	343
803	13
803	70
803	381
803	45
803	3
803	5
804	452
804	0
804	4
804	45
804	278
804	217
805	114
805	90
805	8
805	1
805	51
805	212
806	2
806	0
806	801
806	3
806	29
806	1
807	704
807	0
807	80
807	259
807	5
807	1
808	1
808	135
808	18
808	382
808	50
808	34
809	3
809	4
809	695
809	576
809	10
809	184
810	103
810	5
810	3
810	128
810	623
810	723
811	8
811	1
811	5
811	746
811	306
811	4
812	615
812	14
812	245
812	37
812	147
812	1
813	1
813	8
813	330
813	421
813	98
813	37
814	0
814	480
814	62
814	45
814	259
814	4
815	45
815	77
815	140
815	1
815	114
815	401
816	48
816	3
816	446
816	1
816	4
816	283
817	33
817	7
817	197
817	60
817	2
817	4
818	209
818	210
818	1
818	17
818	99
818	5
819	1
819	10
819	510
819	116
819	3
819	262
820	66
820	5
820	4
820	3
820	10
820	8
821	5
821	323
821	144
821	14
821	630
821	70
822	586
822	229
822	51
822	84
822	162
822	143
823	323
823	7
823	8
823	4
823	464
823	405
824	11
824	10
824	2
824	691
824	70
824	634
825	51
825	17
825	131
825	361
825	267
825	7
826	15
826	557
826	198
826	18
826	248
826	1
827	0
827	1
827	10
827	8
827	620
827	809
828	2
828	253
828	16
828	262
828	8
828	162
829	0
829	13
829	6
829	4
829	5
829	10
830	15
830	18
830	121
830	236
830	632
830	68
831	4
831	30
831	11
831	6
831	29
831	1
832	23
832	10
832	0
832	5
832	676
832	31
833	1
833	30
833	94
833	2
833	10
833	4
834	21
834	229
834	4
834	2
834	45
834	1
835	19
835	212
835	151
835	69
835	0
835	10
836	4
836	17
836	3
836	2
836	597
836	348
837	1
837	241
837	7
837	802
837	549
837	16
838	94
838	9
838	278
838	5
838	3
838	2
839	51
839	25
839	414
839	2
839	206
839	563
840	133
840	2
840	3
840	1
840	7
840	145
841	2
841	11
841	0
841	77
841	1
841	189
842	45
842	3
842	92
842	7
842	18
842	25
843	5
843	10
843	181
843	310
843	278
843	26
844	329
844	2
844	752
844	0
844	402
844	185
845	9
845	184
845	629
845	3
845	61
845	0
846	67
846	1
846	69
846	0
846	10
846	317
847	5
847	679
847	13
847	3
847	540
847	61
848	565
848	557
848	25
848	3
848	15
848	5
849	5
849	3
849	0
849	141
849	61
849	13
850	61
850	32
850	14
850	171
850	28
850	404
851	33
851	343
851	313
851	98
851	6
851	14
852	1
852	117
852	61
852	227
852	2
852	80
853	121
853	1
853	0
853	6
853	7
853	3
854	3
854	0
854	2
854	8
854	139
854	110
855	44
855	13
855	3
855	0
855	589
855	268
856	28
856	45
856	133
856	233
856	4
856	206
857	61
857	5
857	3
857	23
857	683
857	227
858	3
858	2
858	5
858	122
858	10
858	51
859	5
859	769
859	37
859	2
859	172
859	15
860	5
860	14
860	3
860	647
860	4
860	8
861	10
861	2
861	4
861	33
861	20
861	11
862	77
862	135
862	4
862	50
862	10
862	280
863	0
863	23
863	7
863	3
863	323
863	4
864	184
864	295
864	683
864	2
864	3
864	1
865	5
865	435
865	61
865	3
865	1
865	141
866	50
866	0
866	35
866	3
866	5
866	1
867	814
867	13
867	47
867	3
867	9
867	61
868	138
868	436
868	4
868	10
868	5
868	279
869	8
869	9
869	15
869	26
869	0
869	162
870	2
870	298
870	4
870	20
870	439
870	11
871	14
871	10
871	2
871	5
871	474
871	565
872	4
872	484
872	0
872	112
872	10
872	15
873	11
873	575
873	8
873	0
873	1
873	142
874	2
874	1
874	3
874	748
874	11
874	110
875	9
875	25
875	850
875	94
875	19
875	864
876	16
876	13
876	291
876	648
876	114
876	8
877	10
877	0
877	4
877	173
877	14
877	306
878	73
878	26
878	212
878	15
878	70
878	14
879	8
879	161
879	1
879	750
879	663
879	257
880	13
880	10
880	4
880	206
880	410
880	26
881	301
881	5
881	311
881	731
881	73
881	676
882	120
882	92
882	13
882	1
882	2
882	255
883	3
883	87
883	147
883	647
883	48
883	0
884	130
884	14
884	327
884	2
884	5
884	490
885	270
885	454
885	19
885	78
885	552
885	67
886	1
886	3
886	0
886	9
886	92
886	399
887	10
887	3
887	455
887	484
887	755
887	0
888	37
888	54
888	20
888	3
888	500
888	22
889	0
889	7
889	122
889	3
889	177
889	17
890	5
890	2
890	386
890	7
890	145
890	403
891	5
891	0
891	19
891	4
891	354
891	3
892	118
892	0
892	5
892	3
892	302
892	43
893	68
893	1
893	5
893	407
893	47
893	151
894	16
894	3
894	478
894	4
894	63
894	1
895	162
895	110
895	9
895	17
895	14
895	1
896	1
896	8
896	0
896	3
896	51
896	45
897	3
897	154
897	203
897	70
897	90
897	4
898	278
898	35
898	3
898	87
898	51
898	29
899	13
899	163
899	123
899	37
899	1
899	4
900	773
900	10
900	58
900	2
900	30
900	45
901	161
901	724
901	13
901	5
901	3
901	7
902	11
902	698
902	17
902	80
902	128
902	0
903	4
903	23
903	1
903	3
903	147
903	80
904	2
904	286
904	14
904	5
904	117
904	100
905	868
905	1
905	167
905	13
905	4
905	15
906	0
906	2
906	1
906	93
906	106
906	4
907	5
907	172
907	9
907	7
907	620
907	24
908	23
908	47
908	0
908	10
908	194
908	64
909	404
909	5
909	14
909	4
909	3
909	1
910	3
910	11
910	10
910	162
910	181
910	38
911	67
911	13
911	5
911	17
911	57
911	658
912	237
912	1
912	61
912	51
912	301
912	118
913	2
913	10
913	3
913	70
913	110
913	131
914	8
914	44
914	3
914	555
914	591
914	0
915	28
915	117
915	4
915	0
915	105
915	1
916	9
916	210
916	0
916	105
916	11
916	20
917	8
917	326
917	77
917	9
917	2
917	17
918	911
918	414
918	1
918	8
918	13
918	10
919	2
919	3
919	23
919	118
919	116
919	78
920	80
920	0
920	4
920	7
920	9
920	15
921	7
921	0
921	337
921	676
921	49
921	5
922	13
922	482
922	44
922	98
922	100
922	804
923	67
923	1
923	17
923	527
923	2
923	0
924	0
924	1
924	3
924	172
924	44
924	128
925	26
925	8
925	191
925	3
925	10
925	118
926	162
926	29
926	47
926	5
926	43
926	290
927	11
927	147
927	17
927	47
927	2
927	4
928	3
928	23
928	78
928	106
928	7
928	2
929	67
929	10
929	5
929	4
929	646
929	14
930	873
930	6
930	4
930	116
930	484
930	3
931	331
931	37
931	460
931	634
931	10
931	616
932	3
932	13
932	4
932	14
932	149
932	1
933	14
933	19
933	3
933	61
933	4
933	32
934	32
934	145
934	589
934	551
934	17
934	4
935	4
935	194
935	162
935	206
935	275
935	29
936	439
936	69
936	60
936	280
936	66
936	171
937	566
937	10
937	148
937	5
937	15
937	371
938	775
938	644
938	160
938	305
938	402
938	47
939	4
939	0
939	162
939	130
939	35
939	98
940	118
940	23
940	70
940	4
940	59
940	43
941	4
941	2
941	68
941	208
941	3
941	227
942	8
942	454
942	4
942	3
942	81
942	179
943	8
943	14
943	73
943	5
943	10
943	31
944	5
944	2
944	482
944	861
944	300
944	16
945	334
945	1
945	29
945	8
945	5
945	436
946	0
946	339
946	1
946	84
946	5
946	20
947	555
947	212
947	1
947	5
947	15
947	118
948	0
948	343
948	294
948	689
948	3
948	4
949	278
949	19
949	4
949	0
949	81
949	171
950	8
950	524
950	17
950	19
950	10
950	7
951	262
951	13
951	4
951	11
951	557
951	61
952	1
952	10
952	14
952	0
952	722
952	519
953	1
953	26
953	5
953	4
953	0
953	162
954	9
954	103
954	248
954	33
954	7
954	2
955	68
955	81
955	190
955	2
955	0
955	398
956	47
956	1
956	114
956	61
956	26
956	140
957	1
957	484
957	625
957	859
957	171
957	5
958	821
958	51
958	121
958	75
958	3
958	322
959	66
959	4
959	9
959	2
959	11
959	890
960	9
960	10
960	223
960	1
960	2
960	147
961	2
961	50
961	253
961	30
961	1
961	3
962	25
962	689
962	70
962	101
962	45
962	7
963	48
963	0
963	10
963	242
963	3
963	67
964	122
964	3
964	333
964	4
964	738
964	8
965	50
965	664
965	258
965	15
965	3
965	51
966	43
966	1
966	9
966	549
966	21
966	3
967	64
967	13
967	519
967	15
967	0
967	3
968	3
968	679
968	8
968	815
968	69
968	683
969	504
969	3
969	14
969	4
969	105
969	5
970	5
970	2
970	120
970	10
970	13
970	8
971	8
971	115
971	3
971	94
971	1
971	4
972	472
972	0
972	5
972	353
972	1
972	4
973	5
973	288
973	2
973	655
973	32
973	212
974	29
974	17
974	11
974	4
974	923
974	10
975	63
975	38
975	743
975	4
975	3
975	468
976	18
976	64
976	59
976	197
976	293
976	106
977	0
977	292
977	339
977	184
977	71
977	1
978	162
978	37
978	2
978	399
978	44
978	13
979	658
979	3
979	441
979	258
979	4
979	270
980	10
980	52
980	49
980	19
980	68
980	2
981	538
981	267
981	4
981	10
981	184
981	29
982	6
982	179
982	3
982	116
982	162
982	1
983	34
983	45
983	801
983	5
983	13
983	624
984	2
984	464
984	9
984	8
984	949
984	10
985	4
985	103
985	62
985	17
985	6
985	320
986	8
986	51
986	529
986	4
986	696
986	15
987	64
987	5
987	102
987	128
987	45
987	356
988	14
988	0
988	529
988	33
988	51
988	47
989	0
989	5
989	1
989	69
989	335
989	77
990	255
990	7
990	0
990	10
990	3
990	5
991	4
991	3
991	98
991	45
991	268
991	885
992	4
992	636
992	179
992	32
992	815
992	19
993	0
993	2
993	5
993	104
993	33
993	94
994	0
994	4
994	29
994	72
994	11
994	9
995	171
995	122
995	4
995	694
995	0
995	17
996	235
996	33
996	89
996	698
996	9
996	3
997	10
997	33
997	2
997	0
997	131
997	920
998	617
998	9
998	13
998	280
998	896
998	8
999	704
999	106
999	3
999	13
999	0
999	10
