(817,0.15)
(553,0.15)
(577,0.15)
(673,0.15)
(721,0.15)
(697,0.15)
(649,0.15)
(985,0.15)
(865,0.15)
(793,0.15)
(913,0.15)
(937,0.15)
(505,0.15)
(889,0.15)
(385,0.15)
(961,0.15)
(481,0.15)
(745,0.15)
(457,0.15)
(841,0.15)
(915,0.15)
(867,0.15)
(747,0.15)
(699,0.15)
(243,0.15)
(795,0.15)
(603,0.15)
(411,0.15)
(531,0.15)
(891,0.15)
(219,0.15)
(963,0.15)
(507,0.15)
(987,0.15)
(195,0.15)
(843,0.15)
(771,0.15)
(627,0.15)
(579,0.15)
(939,0.15)
(651,0.15)
(675,0.15)
(819,0.15)
(483,0.15)
(363,0.15)
(388,0.15)
(940,0.15)
(652,0.15)
(76,0.15)
(340,0.15)
(412,0.15)
(772,0.15)
(892,0.15)
(796,0.15)
(916,0.15)
(532,0.15)
(844,0.15)
(124,0.15)
(700,0.15)
(964,0.15)
(604,0.15)
(988,0.15)
(364,0.15)
(508,0.15)
(628,0.15)
(580,0.15)
(244,0.15)
(820,0.15)
(365,0.15)
(893,0.15)
(413,0.15)
(509,0.15)
(485,0.15)
(989,0.15)
(533,0.15)
(437,0.15)
(653,0.15)
(845,0.15)
(965,0.15)
(677,0.15)
(941,0.15)
(581,0.15)
(869,0.15)
(221,0.15)
(797,0.15)
(605,0.15)
(389,0.15)
(461,0.15)
(749,0.15)
(725,0.15)
(917,0.15)
(269,0.15)
(701,0.15)
(726,0.15)
(870,0.15)
(966,0.15)
(486,0.15)
(150,0.15)
(822,0.15)
(366,0.15)
(918,0.15)
(702,0.15)
(222,0.15)
(774,0.15)
(894,0.15)
(606,0.15)
(678,0.15)
(654,0.15)
(390,0.15)
(798,0.15)
(846,0.15)
(174,0.15)
(462,0.15)
(942,0.15)
(534,0.15)
(990,0.15)
(511,0.15)
(967,0.15)
(319,0.15)
(847,0.15)
(79,0.15)
(799,0.15)
(607,0.15)
(727,0.15)
(823,0.15)
(895,0.15)
(415,0.15)
(943,0.15)
(991,0.15)
(463,0.15)
(919,0.15)
(559,0.15)
(535,0.15)
(703,0.15)
(871,0.15)
(487,0.15)
(199,0.15)
(271,0.15)
(391,0.15)
(512,0.15)
(56,0.15)
(800,0.15)
(824,0.15)
(848,0.15)
(992,0.15)
(584,0.15)
(344,0.15)
(272,0.15)
(368,0.15)
(680,0.15)
(488,0.15)
(872,0.15)
(944,0.15)
(728,0.15)
(776,0.15)
(968,0.15)
(536,0.15)
(656,0.15)
(657,0.15)
(609,0.15)
(321,0.15)
(297,0.15)
(465,0.15)
(921,0.15)
(369,0.15)
(513,0.15)
(753,0.15)
(585,0.15)
(945,0.15)
(681,0.15)
(633,0.15)
(729,0.15)
(393,0.15)
(489,0.15)
(561,0.15)
(537,0.15)
(201,0.15)
(777,0.15)
(249,0.15)
(825,0.15)
(705,0.15)
(897,0.15)
(273,0.15)
(969,0.15)
(993,0.15)
(849,0.15)
(129,0.15)
(564,0.15)
(876,0.15)
(324,0.15)
(180,0.15)
(756,0.15)
(420,0.15)
(156,0.15)
(708,0.15)
(996,0.15)
(732,0.15)
(396,0.15)
(828,0.15)
(972,0.15)
(204,0.15)
(252,0.15)
(900,0.15)
(444,0.15)
(948,0.15)
(924,0.15)
(780,0.15)
(852,0.15)
(228,0.15)
(516,0.15)
(588,0.15)
(660,0.15)
(684,0.15)
(661,0.15)
(781,0.15)
(853,0.15)
(325,0.15)
(397,0.15)
(757,0.15)
(373,0.15)
(709,0.15)
(349,0.15)
(613,0.15)
(685,0.15)
(637,0.15)
(469,0.15)
(829,0.15)
(541,0.15)
(973,0.15)
(877,0.15)
(901,0.15)
(925,0.15)
(997,0.15)
(493,0.15)
(733,0.15)
(805,0.15)
(517,0.15)
(592,0.15)
(784,0.15)
(424,0.15)
(856,0.15)
(904,0.15)
(376,0.15)
(808,0.15)
(928,0.15)
(520,0.15)
(952,0.15)
(832,0.15)
(448,0.15)
(880,0.15)
(400,0.15)
(640,0.15)
(688,0.15)
(736,0.15)
(256,0.15)
(328,0.15)
(712,0.15)
(976,0.15)
(760,0.15)
(713,0.15)
(905,0.15)
(977,0.15)
(593,0.15)
(857,0.15)
(953,0.15)
(641,0.15)
(737,0.15)
(545,0.15)
(665,0.15)
(761,0.15)
(497,0.15)
(521,0.15)
(449,0.15)
(833,0.15)
(569,0.15)
(377,0.15)
(785,0.15)
(929,0.15)
(881,0.15)
(451,0.15)
(187,0.15)
(619,0.15)
(715,0.15)
(643,0.15)
(907,0.15)
(355,0.15)
(667,0.15)
(427,0.15)
(883,0.15)
(835,0.15)
(739,0.15)
(571,0.15)
(763,0.15)
(595,0.15)
(811,0.15)
(931,0.15)
(979,0.15)
(787,0.15)
(211,0.15)
(499,0.15)
(547,0.15)
(955,0.15)
(645,0.15)
(837,0.15)
(717,0.15)
(429,0.15)
(765,0.15)
(933,0.15)
(909,0.15)
(501,0.15)
(621,0.15)
(741,0.15)
(957,0.15)
(285,0.15)
(813,0.15)
(453,0.15)
(309,0.15)
(981,0.15)
(525,0.15)
(573,0.15)
(693,0.15)
(669,0.15)
(789,0.15)
(312,0.15)
(360,0.15)
(600,0.15)
(936,0.15)
(744,0.15)
(216,0.15)
(408,0.15)
(672,0.15)
(720,0.15)
(792,0.15)
(456,0.15)
(912,0.15)
(336,0.15)
(528,0.15)
(984,0.15)
(264,0.15)
(768,0.15)
(888,0.15)
(960,0.15)
(816,0.15)
(840,0.15)
(818,0.15)
(554,0.15)
(338,0.15)
(962,0.15)
(986,0.15)
(578,0.15)
(866,0.15)
(458,0.15)
(770,0.15)
(530,0.15)
(146,0.15)
(842,0.15)
(794,0.15)
(362,0.15)
(626,0.15)
(938,0.15)
(314,0.15)
(434,0.15)
(674,0.15)
(914,0.15)
(778,0.15)
(898,0.15)
(562,0.15)
(970,0.15)
(922,0.15)
(946,0.15)
(994,0.15)
(370,0.15)
(610,0.15)
(682,0.15)
(754,0.15)
(466,0.15)
(514,0.15)
(418,0.15)
(346,0.15)
(394,0.15)
(826,0.15)
(874,0.15)
(178,0.15)
(706,0.15)
(467,0.15)
(539,0.15)
(491,0.15)
(971,0.15)
(419,0.15)
(875,0.15)
(779,0.15)
(635,0.15)
(707,0.15)
(899,0.15)
(347,0.15)
(947,0.15)
(803,0.15)
(611,0.15)
(995,0.15)
(851,0.15)
(515,0.15)
(827,0.15)
(659,0.15)
(251,0.15)
(299,0.15)
(782,0.15)
(422,0.15)
(614,0.15)
(470,0.15)
(158,0.15)
(494,0.15)
(638,0.15)
(950,0.15)
(374,0.15)
(902,0.15)
(974,0.15)
(518,0.15)
(686,0.15)
(758,0.15)
(926,0.15)
(998,0.15)
(710,0.15)
(542,0.15)
(662,0.15)
(590,0.15)
(806,0.15)
(830,0.15)
(734,0.15)
(854,0.15)
(878,0.15)
(687,0.15)
(783,0.15)
(807,0.15)
(927,0.15)
(711,0.15)
(831,0.15)
(903,0.15)
(111,0.15)
(303,0.15)
(567,0.15)
(759,0.15)
(495,0.15)
(543,0.15)
(951,0.15)
(879,0.15)
(447,0.15)
(975,0.15)
(735,0.15)
(855,0.15)
(999,0.15)
(570,0.15)
(786,0.15)
(762,0.15)
(450,0.15)
(930,0.15)
(954,0.15)
(906,0.15)
(834,0.15)
(594,0.15)
(978,0.15)
(882,0.15)
(642,0.15)
(690,0.15)
(546,0.15)
(858,0.15)
(378,0.15)
(498,0.15)
(810,0.15)
(618,0.15)
(282,0.15)
(522,0.15)
(714,0.15)
(692,0.15)
(668,0.15)
(980,0.15)
(836,0.15)
(308,0.15)
(332,0.15)
(860,0.15)
(476,0.15)
(740,0.15)
(884,0.15)
(908,0.15)
(572,0.15)
(812,0.15)
(956,0.15)
(716,0.15)
(596,0.15)
(788,0.15)
(932,0.15)
(574,0.15)
(526,0.15)
(502,0.15)
(622,0.15)
(742,0.15)
(766,0.15)
(838,0.15)
(958,0.15)
(910,0.15)
(886,0.15)
(166,0.15)
(790,0.15)
(358,0.15)
(862,0.15)
(934,0.15)
(238,0.15)
(598,0.15)
(406,0.15)
(550,0.15)
(982,0.15)
(718,0.15)
(670,0.15)
(119,0.15)
(767,0.15)
(719,0.15)
(839,0.15)
(863,0.15)
(359,0.15)
(263,0.15)
(383,0.15)
(503,0.15)
(983,0.15)
(791,0.15)
(959,0.15)
(479,0.15)
(887,0.15)
(671,0.15)
(935,0.15)
(599,0.15)
