(0,88.64966175538629)
(1,47.78731208916383)
(2,29.20475515551757)
(3,29.1859752681159)
(4,22.544567133820202)
(5,17.607521131739063)
(10,8.443991364703539)
(8,7.3110423128803586)
(13,6.872468262607725)
(9,6.817605873927821)
(7,4.935174136663894)
(11,3.7190230231180994)
(14,3.562018326287834)
(19,3.44358503142142)
(15,3.1449616079712968)
(17,2.6553504504239345)
(23,1.9820352869865832)
(26,1.9500112884338612)
(6,1.6812096387696815)
(61,1.6307931255497152)
(25,1.5574135543551713)
(45,1.3583331872256152)
(51,1.335154317879379)
(44,1.252844096710147)
(37,1.1793300885282954)
(47,1.1181795325623787)
(33,0.9959809281915796)
(28,0.9597020908337253)
(60,0.8805149201757554)
(16,0.8780033693433649)
(81,0.8631803870081018)
(35,0.8385933408589356)
(98,0.8359929012817625)
(118,0.8339415787126868)
(184,0.8192406257233797)
(32,0.7869294350405094)
(80,0.7733052786672345)
(94,0.7508111501675832)
(43,0.7055576738554162)
(24,0.6773165628808806)
(64,0.6753405079149788)
