(208,0.24403124999999998)
(140,0.24403124999999998)
(71,0.24403124999999998)
(357,0.24401889116150655)
(176,0.24266642293534516)
(317,0.24144730902777778)
(354,0.24102083333333332)
(540,0.2410208333333333)
(229,0.2410208333333333)
(161,0.2410208333333333)
(159,0.2410208333333333)
(135,0.2408109403935185)
(387,0.2384368923611111)
(291,0.23801041666666667)
(436,0.23801041666666667)
(268,0.23801041666666667)
(421,0.23801041666666667)
(381,0.23801041666666667)
(167,0.2352493923611111)
(339,0.235)
(414,0.235)
(133,0.235)
(620,0.235)
(160,0.2335873792980806)
(472,0.2335873792980806)
(74,0.23033090277777776)
(53,0.2296550347222222)
(241,0.2280802105034722)
(46,0.22805047567033176)
(432,0.22579166666666667)
(226,0.22363420138888887)
(446,0.22320772569444441)
(439,0.22278125)
(431,0.22278125)
(96,0.22044854843809694)
(480,0.2197708333333333)
(168,0.2197708333333333)
(87,0.2197708333333333)
(454,0.2197708333333333)
(527,0.2197708333333333)
(41,0.21883654658564816)
(207,0.21803984375)
