(409,0.17124999999999999)
(193,0.17124999999999999)
(265,0.17124999999999999)
(289,0.17124999999999999)
(601,0.17124999999999999)
(625,0.17124999999999999)
(315,0.17124999999999999)
(723,0.17124999999999999)
(459,0.17124999999999999)
(724,0.17124999999999999)
(460,0.17124999999999999)
(316,0.17124999999999999)
(868,0.17124999999999999)
(245,0.17124999999999999)
(341,0.17124999999999999)
(821,0.17124999999999999)
(773,0.17124999999999999)
(750,0.17124999999999999)
(246,0.17124999999999999)
(294,0.17124999999999999)
(438,0.17124999999999999)
(342,0.17124999999999999)
(583,0.17124999999999999)
(775,0.17124999999999999)
(751,0.17124999999999999)
(224,0.17124999999999999)
(296,0.17124999999999999)
(920,0.17124999999999999)
(608,0.17124999999999999)
(560,0.17124999999999999)
(416,0.17124999999999999)
(896,0.17124999999999999)
(392,0.17124999999999999)
(225,0.17124999999999999)
(873,0.17124999999999999)
(636,0.17124999999999999)
(804,0.17124999999999999)
(468,0.17124999999999999)
(492,0.17124999999999999)
(205,0.17124999999999999)
(445,0.17124999999999999)
(949,0.17124999999999999)
(568,0.17124999999999999)
(616,0.17124999999999999)
(544,0.17124999999999999)
(352,0.17124999999999999)
(664,0.17124999999999999)
(496,0.17124999999999999)
(137,0.17124999999999999)
(329,0.17124999999999999)
(473,0.17124999999999999)
(185,0.17124999999999999)
(113,0.17124999999999999)
(809,0.17124999999999999)
(475,0.17124999999999999)
(283,0.17124999999999999)
(307,0.17124999999999999)
(691,0.17124999999999999)
(859,0.17124999999999999)
(885,0.17124999999999999)
(213,0.17124999999999999)
(597,0.17124999999999999)
(861,0.17124999999999999)
(405,0.17124999999999999)
(504,0.17124999999999999)
(624,0.17124999999999999)
(696,0.17124999999999999)
(864,0.17124999999999999)
(410,0.17124999999999999)
(890,0.17124999999999999)
(746,0.17124999999999999)
(506,0.17124999999999999)
(722,0.17124999999999999)
(802,0.17124999999999999)
(586,0.17124999999999999)
(850,0.17124999999999999)
(538,0.17124999999999999)
(202,0.17124999999999999)
(730,0.17124999999999999)
(154,0.17124999999999999)
(442,0.17124999999999999)
(587,0.17124999999999999)
(923,0.17124999999999999)
(371,0.17124999999999999)
(731,0.17124999999999999)
(443,0.17124999999999999)
(755,0.17124999999999999)
(326,0.17124999999999999)
(566,0.17124999999999999)
(134,0.17124999999999999)
(350,0.17124999999999999)
(663,0.17124999999999999)
(639,0.17124999999999999)
(591,0.17124999999999999)
(471,0.17124999999999999)
(615,0.17124999999999999)
(423,0.17124999999999999)
(666,0.17124999999999999)
(186,0.17124999999999999)
(738,0.17124999999999999)
(260,0.17124999999999999)
(380,0.17124999999999999)
(500,0.17124999999999999)
(764,0.17124999999999999)
(644,0.17124999999999999)
(694,0.17124999999999999)
(814,0.17124999999999999)
(646,0.17124999999999999)
(286,0.17124999999999999)
(382,0.17124999999999999)
(334,0.17124999999999999)
(455,0.17124999999999999)
(407,0.17124999999999999)
(551,0.17124999999999999)
(743,0.17124999999999999)
(623,0.17124999999999999)
(911,0.17124999999999999)
(287,0.17124999999999999)
