(270,0.21676041666666665)
(175,0.21676041666666665)
(247,0.21676041666666665)
(679,0.21676041666666665)
(194,0.21676041666666665)
(683,0.21676041666666665)
(138,0.21676041666666665)
(164,0.21676041666666665)
(529,0.21375)
(555,0.21375)
(435,0.21375)
(676,0.21375)
(557,0.21375)
(629,0.21375)
(55,0.21375)
(353,0.21375)
(617,0.21375)
(331,0.21375)
(235,0.21375)
(549,0.21375)
(141,0.21375)
(648,0.21375)
(650,0.21375)
(242,0.21375)
(634,0.21375)
(327,0.21375)
(231,0.21375)
(330,0.21375)
(258,0.21375)
(236,0.21375)
(478,0.21375)
(647,0.21375)
(311,0.21375)
(335,0.21375)
(183,0.21303705542896412)
(395,0.21226840277777775)
(254,0.20865442708333334)
(97,0.20840503472222222)
(276,0.20840503472222222)
(91,0.20797855902777776)
(132,0.2079375594196084)
(401,0.20755208333333333)
(125,0.2049681423611111)
(293,0.2049681423611111)
