(112,0.31365214031763067)
(267,0.31207109375)
(253,0.30888359374999996)
(139,0.3080306423611111)
(189,0.30268567708333327)
(206,0.29874999999999996)
(402,0.28954166666666664)
(153,0.28720711805555554)
(136,0.2820392361111111)
(148,0.2809368923611111)
(105,0.28051041666666665)
(482,0.2795242716591917)
(57,0.27823628544560186)
(384,0.2726419278067129)
(313,0.27130208333333333)
(65,0.27130208333333333)
(257,0.26914461805555556)
(519,0.2687785597511574)
(84,0.26829166666666665)
(322,0.26735737991898145)
(173,0.2661342013888889)
(275,0.26528124999999997)
(115,0.26269730902777777)
(398,0.26227083333333334)
(181,0.26227083333333334)
(127,0.2607749277096507)
(302,0.25926041666666666)
(404,0.25926041666666666)
(284,0.25926041666666666)
(361,0.25926041666666666)
(215,0.25832612991898146)
(102,0.2569258680555555)
(86,0.25094453414351847)
(126,0.2509050347222222)
(27,0.2499153357506269)
(440,0.2474681423611111)
(464,0.24704166666666666)
(232,0.24704166666666666)
(12,0.2462971912193769)
