(433,0.1925)
(292,0.1925)
(220,0.1925)
(748,0.1925)
(196,0.1925)
(510,0.1925)
(367,0.1925)
(655,0.1925)
(223,0.1925)
(704,0.1925)
(752,0.1925)
(632,0.1925)
(104,0.1925)
(441,0.1925)
(345,0.1925)
(801,0.1925)
(300,0.1925)
(348,0.1925)
(589,0.1925)
(565,0.1925)
(85,0.1925)
(304,0.1925)
(281,0.1925)
(233,0.1925)
(689,0.1925)
(209,0.1925)
(333,0.1925)
(237,0.1925)
(165,0.1925)
(602,0.1925)
(698,0.1925)
(290,0.1925)
(490,0.1925)
(274,0.1925)
(563,0.1925)
(38,0.1925)
(474,0.1925)
(524,0.1925)
(548,0.1925)
(815,0.1925)
(191,0.1925)
