(162,0.6662702256944444)
(20,0.6053075542534722)
(29,0.5937887718178844)
(212,0.5853620681423611)
(123,0.5715326961383586)
(66,0.5514758687789352)
(50,0.5503305950279708)
(110,0.5452647569444444)
(122,0.54263359375)
(70,0.5417272050428573)
(131,0.5403989619502315)
(92,0.5380853313078703)
(68,0.5246338551742713)
(78,0.5163275337446019)
(262,0.5123523437499999)
(147,0.5091630929145468)
(100,0.5025757819733796)
(72,0.4995286320362232)
(218,0.4971231770833333)
(106,0.49436215277777773)
(67,0.49431318462456597)
(171,0.49195946397569446)
(63,0.4787341182002315)
(62,0.4775066727611401)
(52,0.47609346120883445)
(39,0.4710363258005903)
(34,0.46890394732836815)
(90,0.4621930051007276)
(116,0.4530967805447048)
(48,0.45250516762896253)
(30,0.45130711950231484)
(163,0.4465009203325072)
(203,0.4449674500868056)
(128,0.4449674500868056)
(248,0.43553064236111105)
(69,0.42757965789212193)
(179,0.4271543424479166)
(121,0.41997550739655665)
(143,0.41704166666666664)
(144,0.4149469628131601)
(399,0.4140312500000001)
(210,0.41396385515171885)
