(103,0.412448652296881)
(172,0.4089710076678241)
(77,0.4065892368344908)
(88,0.40359537459683015)
(49,0.3951630208333333)
(278,0.39278124999999997)
(54,0.3914403137926942)
(42,0.3867490587730358)
(73,0.38442586805555556)
(151,0.38269904730902776)
(117,0.37974487919560185)
(31,0.37969709154864345)
(145,0.37883151041666663)
(58,0.3756920689682195)
(114,0.37447305927493246)
(75,0.3685208333333333)
(149,0.36513321206722804)
(301,0.36306776124252504)
(190,0.3593125)
(59,0.35658680627893513)
(310,0.35482048611111106)
(323,0.35457109374999995)
(288,0.3541446180555555)
(120,0.35075198453776035)
(197,0.35028125)
(280,0.34879965277777775)
(99,0.3475865113336646)
(217,0.3445098090277777)
(21,0.34384835358796295)
(130,0.3372448791956018)
(89,0.33620120690465854)
(101,0.3360862868923611)
(343,0.3359050347222222)
(18,0.3326591591194058)
(227,0.3320416666666666)
(177,0.3292806423611111)
(484,0.32903125)
(255,0.32903125)
(306,0.326507726417824)
(198,0.3260338713277432)
(142,0.32024939236111105)
(259,0.31766545138888885)
